{
  "advancedEditorSelectedIdentifier" : "ProjectBrowser",
  "openSceneRelativePaths" : [
    "Scene.usda"
  ],
  "recentIdentifiers" : {

  },
  "sceneCameraHistory" : {
    "729A1152-EB3D-4B24-8944-C0FA915C3D48" : [
      {
        "date" : 775196389.086734,
        "title" : "Untitled",
        "transform" : [
          0.9999899,
          -1.0737896e-10,
          0.0044758962,
          0,
          0.004473168,
          0.034899514,
          -0.99938077,
          0,
          -0.00015620509,
          0.99939084,
          0.034899194,
          0,
          0.12514709,
          0.9698748,
          0.028941568,
          1
        ]
      },
      {
        "date" : 775196387.536738,
        "title" : "Untitled",
        "transform" : [
          0.9996565,
          -1.07378974e-10,
          0.026208207,
          0,
          0.02619224,
          0.034899574,
          -0.9990475,
          0,
          -0.0009146544,
          0.99939084,
          0.034887616,
          0,
          0.12448853,
          0.9698748,
          0.031654686,
          1
        ]
      },
      {
        "date" : 775196385.918472,
        "title" : "Untitled",
        "transform" : [
          0.9996565,
          -1.07378974e-10,
          0.026208207,
          0,
          0.02619224,
          0.034899574,
          -0.9990475,
          0,
          -0.0009146544,
          0.99939084,
          0.034887616,
          0,
          0.07446018,
          0.96837264,
          0.07337901,
          1
        ]
      },
      {
        "date" : 775196382.902679,
        "title" : "Untitled",
        "transform" : [
          0.9996565,
          -1.07378974e-10,
          0.026208207,
          0,
          0.02619224,
          0.034899574,
          -0.9990475,
          0,
          -0.0009146544,
          0.99939084,
          0.034887616,
          0,
          0.07347915,
          2.0403345,
          0.1108,
          1
        ]
      },
      {
        "date" : 775196379.686129,
        "title" : "Untitled",
        "transform" : [
          0.9999578,
          3.390932e-11,
          -0.0091890525,
          0,
          -0.0052391537,
          0.8215394,
          -0.5701276,
          0,
          0.007549169,
          0.5701517,
          0.8215048,
          0,
          0.0828712,
          0.44645122,
          0.7084487,
          1
        ]
      },
      {
        "date" : 775196350.107024,
        "title" : "Untitled",
        "transform" : [
          1,
          0,
          0,
          0,
          0,
          0.7071069,
          -0.7071067,
          0,
          0,
          0.7071067,
          0.7071069,
          0,
          0.07635772,
          0.5654035,
          0.61852586,
          1
        ]
      },
      {
        "date" : 775196348.035275,
        "title" : "Untitled",
        "transform" : [
          1,
          0,
          0,
          0,
          0,
          0.7071069,
          -0.7071067,
          0,
          0,
          0.7071067,
          0.7071069,
          0,
          0,
          0.6693399,
          0.5145894,
          1
        ]
      },
      {
        "date" : 775196346.102008,
        "title" : "Untitled",
        "transform" : [
          1,
          0,
          -0,
          0,
          -0,
          0.7071069,
          -0.7071067,
          0,
          0,
          0.7071067,
          0.7071069,
          0,
          0,
          0.37938118,
          0.29166877,
          1
        ]
      }
    ]
  },
  "sceneViewportBackgroundColors" : {

  }
}